{
  "0": {
    "fit_parameters": {
      "phi": 0,
      "T": 0.1,
      "D": 15,
      "T_fict": 1,
      "sites": 5
    },
    "fit_results": {
      "matrices": {
        "hopping matrix": [
          [
            2.45657,
            5.183401,
            0.0,
            0.0,
            0.0
          ],
          [
            5.183401,
            10.302707,
            0.7598,
            0.0,
            0.0
          ],
          [
            0.0,
            0.7598,
            0.0,
            0.7598,
            0.0
          ],
          [
            0.0,
            0.0,
            0.7598,
            -10.302707,
            5.183401
          ],
          [
            0.0,
            0.0,
            0.0,
            5.183401,
            -2.45657
          ]
        ],
        "ReG1": [
          [
            3.678265,
            2.216339,
            0.0,
            -1.668137,
            -0.494284
          ],
          [
            2.216339,
            2.096482,
            0.0,
            -1.584857,
            -0.099543
          ],
          [
            0.0,
            0.0,
            0.0,
            0.0,
            0.0
          ],
          [
            -1.668137,
            -1.584857,
            0.0,
            1.198137,
            0.073221
          ],
          [
            -0.494284,
            -0.099543,
            0.0,
            0.073221,
            0.119752
          ]
        ],
        "ImG1": [
          [
            0.0,
            -1.670894,
            0.0,
            1.272654,
            -0.438907
          ],
          [
            1.670894,
            0.0,
            0.0,
            0.008965,
            -0.489853
          ],
          [
            0.0,
            0.0,
            0.0,
            0.0,
            0.0
          ],
          [
            -1.272654,
            -0.008965,
            0.0,
            0.0,
            0.370696
          ],
          [
            0.438907,
            0.489853,
            0.0,
            -0.370696,
            0.0
          ]
        ],
        "ReG2": [
          [
            0.119752,
            -0.073221,
            0.0,
            0.099543,
            -0.494284
          ],
          [
            -0.073221,
            1.198137,
            -0.0,
            -1.584857,
            1.668137
          ],
          [
            0.0,
            -0.0,
            0.0,
            -0.0,
            0.0
          ],
          [
            0.099543,
            -1.584857,
            -0.0,
            2.096482,
            -2.216339
          ],
          [
            -0.494284,
            1.668137,
            0.0,
            -2.216339,
            3.678265
          ]
        ],
        "ImG2": [
          [
            0.0,
            -0.370696,
            0.0,
            0.489853,
            -0.438907
          ],
          [
            0.370696,
            0.0,
            0.0,
            0.008965,
            -1.272654
          ],
          [
            0.0,
            0.0,
            0.0,
            0.0,
            0.0
          ],
          [
            -0.489853,
            -0.008965,
            0.0,
            0.0,
            1.670894
          ],
          [
            0.438907,
            1.272654,
            0.0,
            -1.670894,
            0.0
          ]
        ]
      },
      "chi": 0.09771412310765996,
      "E_Gr": 0.02480501257256424,
      "E_Gk": 0.05402345600450498,
      "Gk_int": 0.972930320964206
    }
  },
  "0.5": {
    "fit_parameters": {
      "phi": 0.5,
      "T": 0.1,
      "D": 15,
      "T_fict": 1,
      "sites": 5
    },
    "fit_results": {
      "matrices": {
        "hopping matrix": [
          [
            7.550409,
            7.864084,
            0.0,
            0.0,
            0.0
          ],
          [
            7.864084,
            6.379572,
            0.762348,
            0.0,
            0.0
          ],
          [
            0.0,
            0.762348,
            0.0,
            0.762348,
            0.0
          ],
          [
            0.0,
            0.0,
            0.762348,
            -6.379572,
            7.864084
          ],
          [
            0.0,
            0.0,
            0.0,
            7.864084,
            -7.550409
          ]
        ],
        "ReG1": [
          [
            3.815684,
            1.328587,
            0.0,
            -2.862618,
            -1.095913
          ],
          [
            1.328587,
            0.462855,
            0.0,
            -0.999152,
            -0.361264
          ],
          [
            0.0,
            0.0,
            0.0,
            0.0,
            0.0
          ],
          [
            -2.862618,
            -0.999152,
            0.0,
            2.171479,
            0.62157
          ],
          [
            -1.095913,
            -0.361264,
            0.0,
            0.62157,
            2.000623
          ]
        ],
        "ImG1": [
          [
            0.0,
            -0.030571,
            0.0,
            0.301806,
            -2.536274
          ],
          [
            0.030571,
            0.0,
            0.0,
            0.082149,
            -0.89188
          ],
          [
            0.0,
            0.0,
            0.0,
            0.0,
            0.0
          ],
          [
            -0.301806,
            -0.082149,
            0.0,
            0.0,
            1.989461
          ],
          [
            2.536274,
            0.89188,
            0.0,
            -1.989461,
            0.0
          ]
        ],
        "ReG2": [
          [
            2.000623,
            -0.62157,
            0.0,
            0.361264,
            -1.095913
          ],
          [
            -0.62157,
            2.171479,
            -0.0,
            -0.999152,
            2.862618
          ],
          [
            0.0,
            -0.0,
            0.0,
            -0.0,
            0.0
          ],
          [
            0.361264,
            -0.999152,
            -0.0,
            0.462855,
            -1.328587
          ],
          [
            -1.095913,
            2.862618,
            0.0,
            -1.328587,
            3.815684
          ]
        ],
        "ImG2": [
          [
            0.0,
            -1.989461,
            0.0,
            0.89188,
            -2.536274
          ],
          [
            1.989461,
            0.0,
            0.0,
            0.082149,
            -0.301806
          ],
          [
            0.0,
            0.0,
            0.0,
            0.0,
            0.0
          ],
          [
            -0.89188,
            -0.082149,
            0.0,
            0.0,
            0.030571
          ],
          [
            2.536274,
            0.301806,
            0.0,
            -0.030571,
            0.0
          ]
        ]
      },
      "chi": 0.08599448262910915,
      "E_Gr": 0.03578416872780007,
      "E_Gk": 0.2342786042674441,
      "Gk_int": 0.4304960962900547
    }
  },
  "1": {
    "fit_parameters": {
      "phi": 1,
      "T": 0.1,
      "D": 15,
      "T_fict": 1,
      "sites": 5
    },
    "fit_results": {
      "matrices": {
        "hopping matrix": [
          [
            0.638689,
            0.865821,
            0.0,
            0.0,
            0.0
          ],
          [
            0.865821,
            9.183013,
            0.80663,
            0.0,
            0.0
          ],
          [
            0.0,
            0.80663,
            0.0,
            0.80663,
            0.0
          ],
          [
            0.0,
            0.0,
            0.80663,
            -9.183013,
            0.865821
          ],
          [
            0.0,
            0.0,
            0.0,
            0.865821,
            -0.638689
          ]
        ],
        "ReG1": [
          [
            0.570562,
            1.666278,
            0.0,
            -0.256539,
            0.170243
          ],
          [
            1.666278,
            5.549787,
            0.0,
            -0.993048,
            0.419209
          ],
          [
            0.0,
            0.0,
            0.0,
            0.0,
            0.0
          ],
          [
            -0.256539,
            -0.993048,
            0.0,
            0.529711,
            0.253838
          ],
          [
            0.170243,
            0.419209,
            0.0,
            0.253838,
            0.364038
          ]
        ],
        "ImG1": [
          [
            0.0,
            0.16498,
            0.0,
            -0.44816,
            -0.337697
          ],
          [
            -0.16498,
            0.0,
            0.0,
            -1.397696,
            -1.30321
          ],
          [
            0.0,
            0.0,
            0.0,
            0.0,
            0.0
          ],
          [
            0.44816,
            1.397696,
            0.0,
            0.0,
            0.33872
          ],
          [
            0.337697,
            1.30321,
            0.0,
            -0.33872,
            0.0
          ]
        ],
        "ReG2": [
          [
            0.364038,
            -0.253838,
            0.0,
            -0.419209,
            0.170243
          ],
          [
            -0.253838,
            0.529711,
            -0.0,
            -0.993048,
            0.256539
          ],
          [
            0.0,
            -0.0,
            0.0,
            -0.0,
            0.0
          ],
          [
            -0.419209,
            -0.993048,
            -0.0,
            5.549787,
            -1.666278
          ],
          [
            0.170243,
            0.256539,
            0.0,
            -1.666278,
            0.570562
          ]
        ],
        "ImG2": [
          [
            0.0,
            -0.33872,
            0.0,
            1.30321,
            -0.337697
          ],
          [
            0.33872,
            0.0,
            0.0,
            -1.397696,
            0.44816
          ],
          [
            0.0,
            0.0,
            0.0,
            0.0,
            0.0
          ],
          [
            -1.30321,
            1.397696,
            0.0,
            0.0,
            -0.16498
          ],
          [
            0.337697,
            -0.44816,
            0.0,
            0.16498,
            0.0
          ]
        ]
      },
      "chi": 0.13352993481462547,
      "E_Gr": 0.026272687665346656,
      "E_Gk": 0.3648757671131915,
      "Gk_int": 0.19779724915872313
    }
  },
  "2.5": {
    "fit_parameters": {
      "phi": 2.5,
      "T": 0.1,
      "D": 15,
      "T_fict": 1,
      "sites": 5
    },
    "fit_results": {
      "matrices": {
        "hopping matrix": [
          [
            -1.367629,
            1.020547,
            0.0,
            0.0,
            0.0
          ],
          [
            1.020547,
            -9.405276,
            -0.797125,
            0.0,
            0.0
          ],
          [
            0.0,
            -0.797125,
            0.0,
            -0.797125,
            0.0
          ],
          [
            0.0,
            0.0,
            -0.797125,
            9.405276,
            1.020547
          ],
          [
            0.0,
            0.0,
            0.0,
            1.020547,
            1.367629
          ]
        ],
        "ReG1": [
          [
            0.179097,
            0.300782,
            0.0,
            -0.425216,
            -0.228311
          ],
          [
            0.300782,
            0.55525,
            0.0,
            -1.094717,
            -0.520436
          ],
          [
            0.0,
            0.0,
            0.0,
            0.0,
            0.0
          ],
          [
            -0.425216,
            -1.094717,
            0.0,
            5.32658,
            1.362924
          ],
          [
            -0.228311,
            -0.520436,
            0.0,
            1.362924,
            0.721668
          ]
        ],
        "ImG1": [
          [
            0.0,
            -0.070412,
            0.0,
            0.857235,
            0.130148
          ],
          [
            0.070412,
            0.0,
            0.0,
            1.326336,
            0.141782
          ],
          [
            0.0,
            0.0,
            0.0,
            0.0,
            0.0
          ],
          [
            -0.857235,
            -1.326336,
            0.0,
            0.0,
            0.964676
          ],
          [
            -0.130148,
            -0.141782,
            0.0,
            -0.964676,
            0.0
          ]
        ],
        "ReG2": [
          [
            0.721668,
            -1.362924,
            0.0,
            0.520436,
            -0.228311
          ],
          [
            -1.362924,
            5.32658,
            -0.0,
            -1.094717,
            0.425216
          ],
          [
            0.0,
            -0.0,
            0.0,
            -0.0,
            0.0
          ],
          [
            0.520436,
            -1.094717,
            -0.0,
            0.55525,
            -0.300782
          ],
          [
            -0.228311,
            0.425216,
            0.0,
            -0.300782,
            0.179097
          ]
        ],
        "ImG2": [
          [
            0.0,
            -0.964676,
            0.0,
            -0.141782,
            0.130148
          ],
          [
            0.964676,
            0.0,
            0.0,
            1.326336,
            -0.857235
          ],
          [
            0.0,
            0.0,
            0.0,
            0.0,
            0.0
          ],
          [
            0.141782,
            -1.326336,
            0.0,
            0.0,
            0.070412
          ],
          [
            -0.130148,
            0.857235,
            0.0,
            -0.070412,
            0.0
          ]
        ]
      },
      "chi": 0.1340856121098416,
      "E_Gr": 0.06620612656485426,
      "E_Gk": 0.5439065765472145,
      "Gk_int": 0.19337001341061966
    }
  },
  "3": {
    "fit_parameters": {
      "phi": 3,
      "T": 0.1,
      "D": 15,
      "T_fict": 1,
      "sites": 5
    },
    "fit_results": {
      "matrices": {
        "hopping matrix": [
          [
            0.887192,
            -2.166722,
            0.0,
            0.0,
            0.0
          ],
          [
            -2.166722,
            -9.079551,
            -0.79914,
            0.0,
            0.0
          ],
          [
            0.0,
            -0.79914,
            0.0,
            -0.79914,
            0.0
          ],
          [
            0.0,
            0.0,
            -0.79914,
            9.079551,
            -2.166722
          ],
          [
            0.0,
            0.0,
            0.0,
            -2.166722,
            -0.887192
          ]
        ],
        "ReG1": [
          [
            0.471574,
            -0.342639,
            0.0,
            -0.478128,
            0.026002
          ],
          [
            -0.342639,
            0.58691,
            0.0,
            -0.834848,
            0.435778
          ],
          [
            0.0,
            0.0,
            0.0,
            0.0,
            0.0
          ],
          [
            -0.478128,
            -0.834848,
            0.0,
            5.078263,
            -1.728089
          ],
          [
            0.026002,
            0.435778,
            0.0,
            -1.728089,
            0.64025
          ]
        ],
        "ImG1": [
          [
            0.0,
            0.376225,
            0.0,
            -1.391537,
            0.522325
          ],
          [
            -0.376225,
            0.0,
            0.0,
            1.507524,
            -0.429202
          ],
          [
            0.0,
            0.0,
            0.0,
            0.0,
            0.0
          ],
          [
            1.391537,
            -1.507524,
            0.0,
            0.0,
            -0.513149
          ],
          [
            -0.522325,
            0.429202,
            0.0,
            0.513149,
            0.0
          ]
        ],
        "ReG2": [
          [
            0.64025,
            1.728089,
            0.0,
            -0.435778,
            0.026002
          ],
          [
            1.728089,
            5.078263,
            -0.0,
            -0.834848,
            0.478128
          ],
          [
            0.0,
            -0.0,
            0.0,
            -0.0,
            0.0
          ],
          [
            -0.435778,
            -0.834848,
            -0.0,
            0.58691,
            0.342639
          ],
          [
            0.026002,
            0.478128,
            0.0,
            0.342639,
            0.471574
          ]
        ],
        "ImG2": [
          [
            0.0,
            0.513149,
            0.0,
            0.429202,
            0.522325
          ],
          [
            -0.513149,
            0.0,
            0.0,
            1.507524,
            1.391537
          ],
          [
            0.0,
            0.0,
            0.0,
            0.0,
            0.0
          ],
          [
            -0.429202,
            -1.507524,
            0.0,
            0.0,
            -0.376225
          ],
          [
            -0.522325,
            -1.391537,
            0.0,
            0.376225,
            0.0
          ]
        ]
      },
      "chi": 0.13136106612987408,
      "E_Gr": 0.05429585374007917,
      "E_Gk": 0.38983759119859007,
      "Gk_int": 0.1937527962641535
    }
  },
  "1.5": {
    "fit_parameters": {
      "phi": 1.5,
      "T": 0.1,
      "D": 15,
      "T_fict": 1,
      "sites": 5
    },
    "fit_results": {
      "matrices": {
        "hopping matrix": [
          [
            -1.157611,
            -1.084507,
            0.0,
            0.0,
            0.0
          ],
          [
            -1.084507,
            -9.257928,
            0.805296,
            0.0,
            0.0
          ],
          [
            0.0,
            0.805296,
            0.0,
            0.805296,
            0.0
          ],
          [
            0.0,
            0.0,
            0.805296,
            9.257928,
            -1.084507
          ],
          [
            0.0,
            0.0,
            0.0,
            -1.084507,
            1.157611
          ]
        ],
        "ReG1": [
          [
            0.52252,
            -0.116884,
            0.0,
            -1.157443,
            0.47574
          ],
          [
            -0.116884,
            0.583922,
            0.0,
            -1.003923,
            0.029247
          ],
          [
            0.0,
            0.0,
            0.0,
            0.0,
            0.0
          ],
          [
            -1.157443,
            -1.003923,
            0.0,
            5.42334,
            -1.361224
          ],
          [
            0.47574,
            0.029247,
            0.0,
            -1.361224,
            0.466479
          ]
        ],
        "ImG1": [
          [
            0.0,
            0.539829,
            0.0,
            -1.222228,
            0.131225
          ],
          [
            -0.539829,
            0.0,
            0.0,
            1.469335,
            -0.520979
          ],
          [
            0.0,
            0.0,
            0.0,
            0.0,
            0.0
          ],
          [
            1.222228,
            -1.469335,
            0.0,
            0.0,
            0.822142
          ],
          [
            -0.131225,
            0.520979,
            0.0,
            -0.822142,
            0.0
          ]
        ],
        "ReG2": [
          [
            0.466479,
            1.361224,
            0.0,
            -0.029247,
            0.47574
          ],
          [
            1.361224,
            5.42334,
            -0.0,
            -1.003923,
            1.157443
          ],
          [
            0.0,
            -0.0,
            0.0,
            -0.0,
            0.0
          ],
          [
            -0.029247,
            -1.003923,
            -0.0,
            0.583922,
            0.116884
          ],
          [
            0.47574,
            1.157443,
            0.0,
            0.116884,
            0.52252
          ]
        ],
        "ImG2": [
          [
            0.0,
            -0.822142,
            0.0,
            0.520979,
            0.131225
          ],
          [
            0.822142,
            0.0,
            0.0,
            1.469335,
            1.222228
          ],
          [
            0.0,
            0.0,
            0.0,
            0.0,
            0.0
          ],
          [
            -0.520979,
            -1.469335,
            0.0,
            0.0,
            -0.539829
          ],
          [
            -0.131225,
            -1.222228,
            0.0,
            0.539829,
            0.0
          ]
        ]
      },
      "chi": 0.13061743706719045,
      "E_Gr": 0.02626970094811813,
      "E_Gk": 0.39771992277988943,
      "Gk_int": 0.19091866992993292
    }
  },
  "2": {
    "fit_parameters": {
      "phi": 2,
      "T": 0.1,
      "D": 15,
      "T_fict": 1,
      "sites": 5
    },
    "fit_results": {
      "matrices": {
        "hopping matrix": [
          [
            -0.3416,
            2.302333,
            0.0,
            0.0,
            0.0
          ],
          [
            2.302333,
            9.406937,
            -0.802734,
            0.0,
            0.0
          ],
          [
            0.0,
            -0.802734,
            0.0,
            -0.802734,
            0.0
          ],
          [
            0.0,
            0.0,
            -0.802734,
            -9.406937,
            2.302333
          ],
          [
            0.0,
            0.0,
            0.0,
            2.302333,
            0.3416
          ]
        ],
        "ReG1": [
          [
            0.675984,
            1.748804,
            0.0,
            -0.557349,
            0.034101
          ],
          [
            1.748804,
            4.937237,
            0.0,
            -1.059704,
            0.521467
          ],
          [
            0.0,
            0.0,
            0.0,
            0.0,
            0.0
          ],
          [
            -0.557349,
            -1.059704,
            0.0,
            0.813445,
            0.37337
          ],
          [
            0.034101,
            0.521467,
            0.0,
            0.37337,
            0.458241
          ]
        ],
        "ImG1": [
          [
            0.0,
            -0.52832,
            0.0,
            -0.488981,
            -0.554679
          ],
          [
            0.52832,
            0.0,
            0.0,
            -1.700492,
            -1.408126
          ],
          [
            0.0,
            0.0,
            0.0,
            0.0,
            0.0
          ],
          [
            0.488981,
            1.700492,
            0.0,
            0.0,
            0.482461
          ],
          [
            0.554679,
            1.408126,
            0.0,
            -0.482461,
            0.0
          ]
        ],
        "ReG2": [
          [
            0.458241,
            -0.37337,
            0.0,
            -0.521467,
            0.034101
          ],
          [
            -0.37337,
            0.813445,
            -0.0,
            -1.059704,
            0.557349
          ],
          [
            0.0,
            -0.0,
            0.0,
            -0.0,
            0.0
          ],
          [
            -0.521467,
            -1.059704,
            -0.0,
            4.937237,
            -1.748804
          ],
          [
            0.034101,
            0.557349,
            0.0,
            -1.748804,
            0.675984
          ]
        ],
        "ImG2": [
          [
            0.0,
            -0.482461,
            0.0,
            1.408126,
            -0.554679
          ],
          [
            0.482461,
            0.0,
            0.0,
            -1.700492,
            0.488981
          ],
          [
            0.0,
            0.0,
            0.0,
            0.0,
            0.0
          ],
          [
            -1.408126,
            1.700492,
            0.0,
            0.0,
            0.52832
          ],
          [
            0.554679,
            -0.488981,
            0.0,
            -0.52832,
            0.0
          ]
        ]
      },
      "chi": 0.13105208484767034,
      "E_Gr": 0.03792221757047742,
      "E_Gk": 0.44521141647330953,
      "Gk_int": 0.19223739471787069
    }
  },
  "3.5": {
    "fit_parameters": {
      "phi": 3.5,
      "T": 0.1,
      "D": 15,
      "T_fict": 1,
      "sites": 5,
      "weights": "50,1.35,2.05,-2.05,-1.35"
    },
    "fit_results": {
      "matrices": {
        "hopping matrix": [
          [
            -1.976235,
            -0.603914,
            0.0,
            0.0,
            0.0
          ],
          [
            -0.603914,
            -9.045881,
            -0.805297,
            0.0,
            0.0
          ],
          [
            0.0,
            -0.805297,
            0.0,
            -0.805297,
            0.0
          ],
          [
            0.0,
            0.0,
            -0.805297,
            9.045881,
            -0.603914
          ],
          [
            0.0,
            0.0,
            0.0,
            -0.603914,
            1.976235
          ]
        ],
        "ReG1": [
          [
            0.336016,
            -0.22997,
            0.0,
            -0.635463,
            0.211831
          ],
          [
            -0.22997,
            0.51955,
            0.0,
            -0.815005,
            0.066225
          ],
          [
            0.0,
            0.0,
            0.0,
            0.0,
            0.0
          ],
          [
            -0.635463,
            -0.815005,
            0.0,
            5.580799,
            -1.156358
          ],
          [
            0.211831,
            0.066225,
            0.0,
            -1.156358,
            0.399596
          ]
        ],
        "ImG1": [
          [
            0.0,
            0.344931,
            0.0,
            -1.205142,
            0.183703
          ],
          [
            -0.344931,
            0.0,
            0.0,
            1.494275,
            -0.371912
          ],
          [
            0.0,
            0.0,
            0.0,
            0.0,
            0.0
          ],
          [
            1.205142,
            -1.494275,
            0.0,
            0.0,
            0.409832
          ],
          [
            -0.183703,
            0.371912,
            0.0,
            -0.409832,
            0.0
          ]
        ],
        "ReG2": [
          [
            0.399596,
            1.156358,
            0.0,
            -0.066225,
            0.211831
          ],
          [
            1.156358,
            5.580799,
            -0.0,
            -0.815005,
            0.635463
          ],
          [
            0.0,
            -0.0,
            0.0,
            -0.0,
            0.0
          ],
          [
            -0.066225,
            -0.815005,
            -0.0,
            0.51955,
            0.22997
          ],
          [
            0.211831,
            0.635463,
            0.0,
            0.22997,
            0.336016
          ]
        ],
        "ImG2": [
          [
            0.0,
            -0.409832,
            0.0,
            0.371912,
            0.183703
          ],
          [
            0.409832,
            0.0,
            0.0,
            1.494275,
            1.205142
          ],
          [
            0.0,
            0.0,
            0.0,
            0.0,
            0.0
          ],
          [
            -0.371912,
            -1.494275,
            0.0,
            0.0,
            -0.344931
          ],
          [
            -0.183703,
            -1.205142,
            0.0,
            0.344931,
            0.0
          ]
        ]
      },
      "chi": 0.12737854481462774,
      "E_Gr": 0.034045838292279224,
      "E_Gk": 0.23411681506675766,
      "Gk_int": 0.19135683575523646
    }
  },
  "4": {
    "fit_parameters": {
      "phi": 4,
      "T": 0.1,
      "D": 15,
      "T_fict": 1,
      "sites": 5,
      "weights": "50,1.6,2.3,-2.3,-1.6"
    },
    "fit_results": {
      "matrices": {
        "hopping matrix": [
          [
            2.117787,
            1.096578,
            0.0,
            0.0,
            0.0
          ],
          [
            1.096578,
            -9.017377,
            0.804454,
            0.0,
            0.0
          ],
          [
            0.0,
            0.804454,
            0.0,
            0.804454,
            0.0
          ],
          [
            0.0,
            0.0,
            0.804454,
            9.017377,
            1.096578
          ],
          [
            0.0,
            0.0,
            0.0,
            1.096578,
            -2.117787
          ]
        ],
        "ReG1": [
          [
            0.180999,
            -0.215286,
            0.0,
            -0.128445,
            0.204332
          ],
          [
            -0.215286,
            0.455647,
            0.0,
            -0.919504,
            -0.141272
          ],
          [
            0.0,
            0.0,
            0.0,
            0.0,
            0.0
          ],
          [
            -0.128445,
            -0.919504,
            0.0,
            5.856279,
            -0.692817
          ],
          [
            0.204332,
            -0.141272,
            0.0,
            -0.692817,
            0.282835
          ]
        ],
        "ImG1": [
          [
            0.0,
            0.189973,
            0.0,
            -1.021315,
            0.097041
          ],
          [
            -0.189973,
            0.0,
            0.0,
            1.350149,
            -0.33002
          ],
          [
            0.0,
            0.0,
            0.0,
            0.0,
            0.0
          ],
          [
            1.021315,
            -1.350149,
            0.0,
            0.0,
            1.084596
          ],
          [
            -0.097041,
            0.33002,
            0.0,
            -1.084596,
            0.0
          ]
        ],
        "ReG2": [
          [
            0.282835,
            0.692817,
            0.0,
            0.141272,
            0.204332
          ],
          [
            0.692817,
            5.856279,
            -0.0,
            -0.919504,
            0.128445
          ],
          [
            0.0,
            -0.0,
            0.0,
            -0.0,
            0.0
          ],
          [
            0.141272,
            -0.919504,
            -0.0,
            0.455647,
            0.215286
          ],
          [
            0.204332,
            0.128445,
            0.0,
            0.215286,
            0.180999
          ]
        ],
        "ImG2": [
          [
            0.0,
            -1.084596,
            0.0,
            0.33002,
            0.097041
          ],
          [
            1.084596,
            0.0,
            0.0,
            1.350149,
            1.021315
          ],
          [
            0.0,
            0.0,
            0.0,
            0.0,
            0.0
          ],
          [
            -0.33002,
            -1.350149,
            0.0,
            0.0,
            -0.189973
          ],
          [
            -0.097041,
            -1.021315,
            0.0,
            0.189973,
            0.0
          ]
        ]
      },
      "chi": 0.1256095569175933,
      "E_Gr": 0.03536694814296578,
      "E_Gk": 0.2265251852039967,
      "Gk_int": 0.1874737969225232
    }
  },
  "4.5": {
    "fit_parameters": {
      "phi": 4.5,
      "T": 0.1,
      "D": 15,
      "T_fict": 1,
      "sites": 5,
      "weights": "50,1.85,2.55,-2.55,-1.85"
    },
    "fit_results": {
      "matrices": {
        "hopping matrix": [
          [
            2.357091,
            -1.053986,
            0.0,
            0.0,
            0.0
          ],
          [
            -1.053986,
            -9.08621,
            0.801181,
            0.0,
            0.0
          ],
          [
            0.0,
            0.801181,
            0.0,
            0.801181,
            0.0
          ],
          [
            0.0,
            0.0,
            0.801181,
            9.08621,
            -1.053986
          ],
          [
            0.0,
            0.0,
            0.0,
            -1.053986,
            -2.357091
          ]
        ],
        "ReG1": [
          [
            0.172078,
            0.197324,
            0.0,
            0.131075,
            0.20298
          ],
          [
            0.197324,
            0.442308,
            0.0,
            -0.957427,
            0.13164
          ],
          [
            0.0,
            0.0,
            0.0,
            0.0,
            0.0
          ],
          [
            0.131075,
            -0.957427,
            0.0,
            5.781548,
            0.673593
          ],
          [
            0.20298,
            0.13164,
            0.0,
            0.673593,
            0.286898
          ]
        ],
        "ImG1": [
          [
            0.0,
            -0.192761,
            0.0,
            0.988686,
            0.090301
          ],
          [
            0.192761,
            0.0,
            0.0,
            1.28084,
            0.33101
          ],
          [
            0.0,
            0.0,
            0.0,
            0.0,
            0.0
          ],
          [
            -0.988686,
            -1.28084,
            0.0,
            0.0,
            -1.097714
          ],
          [
            -0.090301,
            -0.33101,
            0.0,
            1.097714,
            0.0
          ]
        ],
        "ReG2": [
          [
            0.286898,
            -0.673593,
            0.0,
            -0.13164,
            0.20298
          ],
          [
            -0.673593,
            5.781548,
            -0.0,
            -0.957427,
            -0.131075
          ],
          [
            0.0,
            -0.0,
            0.0,
            -0.0,
            0.0
          ],
          [
            -0.13164,
            -0.957427,
            -0.0,
            0.442308,
            -0.197324
          ],
          [
            0.20298,
            -0.131075,
            0.0,
            -0.197324,
            0.172078
          ]
        ],
        "ImG2": [
          [
            0.0,
            1.097714,
            0.0,
            -0.33101,
            0.090301
          ],
          [
            -1.097714,
            0.0,
            0.0,
            1.28084,
            -0.988686
          ],
          [
            0.0,
            0.0,
            0.0,
            0.0,
            0.0
          ],
          [
            0.33101,
            -1.28084,
            0.0,
            0.0,
            0.192761
          ],
          [
            -0.090301,
            0.988686,
            0.0,
            -0.192761,
            0.0
          ]
        ]
      },
      "chi": 0.12535092357282132,
      "E_Gr": 0.04133215174066998,
      "E_Gk": 0.23996088244865058,
      "Gk_int": 0.18082948434073864
    }
  },
  "5": {
    "fit_parameters": {
      "phi": 5,
      "T": 0.1,
      "D": 15,
      "T_fict": 1,
      "sites": 5,
      "weights": "50,2.1,2.8,-2.8,-2.1"
    },
    "fit_results": {
      "matrices": {
        "hopping matrix": [
          [
            -1.704692,
            2.588339,
            0.0,
            0.0,
            0.0
          ],
          [
            2.588339,
            8.872073,
            0.798161,
            0.0,
            0.0
          ],
          [
            0.0,
            0.798161,
            0.0,
            0.798161,
            0.0
          ],
          [
            0.0,
            0.0,
            0.798161,
            -8.872073,
            2.588339
          ],
          [
            0.0,
            0.0,
            0.0,
            2.588339,
            1.704692
          ]
        ],
        "ReG1": [
          [
            0.644973,
            1.726759,
            0.0,
            -0.367272,
            0.18889
          ],
          [
            1.726759,
            4.923107,
            0.0,
            -0.657672,
            0.848715
          ],
          [
            0.0,
            0.0,
            0.0,
            0.0,
            0.0
          ],
          [
            -0.367272,
            -0.657672,
            0.0,
            0.562394,
            0.264575
          ],
          [
            0.18889,
            0.848715,
            0.0,
            0.264575,
            0.447351
          ]
        ],
        "ImG1": [
          [
            0.0,
            -0.439971,
            0.0,
            -0.477326,
            -0.502833
          ],
          [
            0.439971,
            0.0,
            0.0,
            -1.52846,
            -1.217363
          ],
          [
            0.0,
            0.0,
            0.0,
            0.0,
            0.0
          ],
          [
            0.477326,
            1.52846,
            0.0,
            0.0,
            0.426124
          ],
          [
            0.502833,
            1.217363,
            0.0,
            -0.426124,
            0.0
          ]
        ],
        "ReG2": [
          [
            0.447351,
            -0.264575,
            0.0,
            -0.848715,
            0.18889
          ],
          [
            -0.264575,
            0.562394,
            -0.0,
            -0.657672,
            0.367272
          ],
          [
            0.0,
            -0.0,
            0.0,
            -0.0,
            0.0
          ],
          [
            -0.848715,
            -0.657672,
            -0.0,
            4.923107,
            -1.726759
          ],
          [
            0.18889,
            0.367272,
            0.0,
            -1.726759,
            0.644973
          ]
        ],
        "ImG2": [
          [
            0.0,
            -0.426124,
            0.0,
            1.217363,
            -0.502833
          ],
          [
            0.426124,
            0.0,
            0.0,
            -1.52846,
            0.477326
          ],
          [
            0.0,
            0.0,
            0.0,
            0.0,
            0.0
          ],
          [
            -1.217363,
            1.52846,
            0.0,
            0.0,
            0.439971
          ],
          [
            0.502833,
            -0.477326,
            0.0,
            -0.439971,
            0.0
          ]
        ]
      },
      "chi": 0.1212875160287701,
      "E_Gr": 0.04580664771550184,
      "E_Gk": 0.12875836037422886,
      "Gk_int": 0.1640734049410678
    }
  },
  "6": {
    "fit_parameters": {
      "phi": 6,
      "T": 0.1,
      "D": 15,
      "T_fict": 1,
      "sites": 5,
      "weights": "50,2.6,3.3,-3.3,-2.6"
    },
    "fit_results": {
      "matrices": {
        "hopping matrix": [
          [
            -3.151468,
            -1.509592,
            0.0,
            0.0,
            0.0
          ],
          [
            -1.509592,
            -9.232441,
            0.79249,
            0.0,
            0.0
          ],
          [
            0.0,
            0.79249,
            0.0,
            0.79249,
            0.0
          ],
          [
            0.0,
